11360 46.5
10022 45.5
11697 44.9
11362 43.9
11235 43.2
11414 43.1
10464 42.5
10471 42.5
11357 42.5
11363 42
10475 41.6
11375 41.5
11364 41.5
11694 41.2
10044 41
11379 40.9
11004 40.5
11239 40.4
11374 40.4
11366 40.1
10021 39.9
11224 39.8
10037 39.8
11229 39.6
11354 39.3
11214 39
10013 38.9
10024 38.9
11426 38.8
11228 38.7
10011 38.5
10465 38.3
10306 38.3
10023 38.3
10028 38.3
11361 38.3
11411 38.1
10017 38
11365 38
11209 38
10036 37.9
10314 37.9
10308 37.8
10463 37.7
11358 37.7
10010 37.6
11234 37.5
11378 37.4
11427 37.3
10461 37.3
10014 37.2
10019 37
10002 36.9
10025 36.9
11355 36.7
10305 36.7
11223 36.7
10469 36.6
11222 36.6
10001 36.4
10312 36.4
10280 36.1
10009 36
11367 35.9
11412 35.8
10128 35.6
11413 35.6
11104 35.6
11201 35.5
11356 35.5
11415 35.4
11105 35.3
11204 35.2
11423 35.2
10038 35.2
11434 35.1
10470 35.1
10016 34.9
10309 34.8
11372 34.8
11230 34.8
10301 34.7
11432 34.7
10012 34.6
10307 34.5
11203 34.5
11693 34.5
10004 34.4
10007 34.4
10304 34.3
10310 34.3
11377 34.3
11106 34.1
11422 34.1
11417 34
11217 33.8
11429 33.8
10003 33.7
10018 33.7
11215 33.7
11421 33.7
11436 33.7
11370 33.6
11373 33.6
11428 33.6
11231 33.6
10462 33.5
11238 33.4
11103 33.4
11369 33.3
11385 33.3
11236 33.3
10302 33.2
11420 33.1
11435 33.1
11225 33
10466 32.9
10040 32.9
11218 32.8
11418 32.7
10069 32.7
10033 32.6
11216 32.6
11433 32.4
10035 32.4
10039 32.3
10031 32.3
10473 32.2
10030 32.2
11101 32.2
10034 32.1
11691 32
10282 32
10026 32
10032 32
10006 31.9
11416 31.9
11102 31.9
11419 31.8
11210 31.7
10467 31.5
11220 31.4
10029 31.1
11226 31
10027 30.9
10451 30.4
11692 30.3
11232 30.1
11213 30
10303 29.9
11368 29.9
11233 29.9
10468 29.4
10472 29.3
11221 29.2
11205 29.1
11219 28.9
11206 28.7
11208 28.7
11207 28.5
11212 28.4
10005 28.3
10455 28.1
10459 27.8
10460 27.8
10456 27.6
10457 27.3
10452 27.2
11211 27
10454 26.9
10453 26.7
11237 26.6
10458 26.5
10474 24.9