10007 112947
10280 108536
10004 101868
10069 88091
10282 86066
10006 81334
10022 80406
10005 79517
10024 78066
10028 77565
10021 75472
10023 72424
10128 70031
10017 69273
10312 67728
11363 67550
10014 66601
10016 66342
10309 65397
10307 64159
10010 62467
11366 62325
11411 62071
10011 61986
10308 61868
11362 61053
10003 60891
10314 59560
11360 58803
11697 58491
11422 58396
10012 58313
11426 58065
10464 57458
11413 56726
10471 56488
11201 56293
10019 55869
10306 55413
11361 55250
11428 55219
11004 55156
11357 54910
11429 54467
11364 54031
11215 53313
11234 51446
11375 51350
11427 51336
11358 51242
11414 51175
11365 50744
10044 49976
10025 49733
11217 49567
11379 49083
10305 48944
11356 48738
10018 48705
11694 48604
11412 48536
11420 47584
10310 46198
11423 46047
10465 45650
10301 45620
11415 45344
11367 45285
11231 45154
11228 44932
11421 44550
11209 44518
11370 44429
11434 43133
11378 43107
11419 43066
11210 42967
11417 42889
10303 42463
10302 42452
11432 42414
11236 42370
10469 42102
10304 41041
10036 41002
11374 40998
10001 40932
11418 40924
10475 40528
10463 40497
11436 40194
10009 40176
11435 40157
10461 40024
11369 39936
11238 39917
11416 39692
11372 39084
11105 38674
11103 38482
10470 38464
10013 38304
11373 38151
11104 37962
11229 37812
11377 37360
11203 37341
11693 37248
11354 37155
10466 37141
11355 36973
11385 36434
11218 36432
11102 35078
11368 34746
11106 34651
11214 33765
10462 33735
11222 33578
11230 32327
11223 32104
11433 31869
11204 31798
10033 31348
10038 31316
11235 31013
11225 30192
11220 30152
11226 29498
10034 29479
11692 29059
10467 29044
11101 28872
11232 28395
11205 28070
10040 27905
11691 27820
10473 27733
11208 27078
10037 26561
10039 17370
10468 26852
11219 26648
11213 26366
11224 21281
10032 26237
11216 25135
10031 24285
10029 22232
10030 17970
11207 24163
10002 24022
11211 23567
11212 20839
10472 23565
10027 23150
10026 22491
11237 23104
11239 16919
11233 22754
11221 22305
10458 22072
10460 19517
10459 17498
10453 21109
10452 20606
10454 14271
10451 20307
10455 19389
10457 19233
10456 16664
11206 18661
10474 16339
10035 14896